time: 934.717 
 add_core times: 38290.402 46004.543 467.081 
time: 0.073839 
I=
    0 938115 274999 485941 588715 658871 965305 210963 845292 660441 
    1 494733 718040 209752 998598 713540 595592 25236 618441 661903 
    2 689572 240041 107052 279861 782966 81135 216321 32739 709232 
    3 747208 440436 657856 177369 260816 515338 276494 651068 269858 
    4 456122 966050 678731 836989 867107 681548 533649 47126 756834 
    5 420060 589891 227299 656499 941682 881344 411276 578077 79847 
    6 372964 729344 170836 611268 729673 189582 547289 514576 298047 
    7 929301 828779 738351 471504 137705 366044 63529 589796 212911 
    8 933928 529800 45483 122685 51677 502738 692044 458291 120791 
    9 560423 533361 698441 791094 559527 370445 919865 884799 957268 
D=
29068.1  110172  112000  112817  118126  119527  119593  121873  123581  124524 
6464.97 29625.3 40411.3 40698.9 42343.8 42540.5 45225.1 45345.2 46396.1 46927.3 
6488.11 22411.8 24644.7 24782.1 27297.6 28864.1 28884.6 29136.3 29813.4 30084.8 
9254.74 17285.3 20358.8 26798.9 30284.3 30999.3 32546.1   35567 41758.2 44729.7 
11957.3 62194.9 64882.1   66828 70380.7 71417.9 72083.4 73251.1 74811.3 76693.1 
8900.21 30354.3 30455.2 38366.7 42032.2 42321.6 44608.2 49530.6 50128.6 51753.9 
7402.83 26576.4 27591.2 33970.4 37160.3 37342.5 44667.2 45827.2 46721.4 47642.7 
11587.1   65213 66054.2 74824.5 77637.5 79481.6 81014.5 82373.6 83248.3 84366.2 
2752.75 4475.24 9679.21 12714.7 12811.8 13264.4 13554.6 13577.4 13620.5 13673.7 
10428.6 12643.4 13756.2   13895 15195.3 16464.1 18068.3 37924.1   48633   52263 
time: 0.042916 
I=
    0 925316 991387 684032 789264 938115 274999 465534 485941 385880 
    1 494733 333760 489271 418198 228951 481641 884381 116297 44210 
    2 689572 240041 107052 362378 94320 279861 463489 782966 81135 
    3 747208 440436 657856 177369 260816 515338 276494 651068 269858 
    4 251139 930338 459569 790017 716018 810186 488455 520041 456122 
    5 420060 589891 227299 656499 941682 881344 411276 578077 199600 
    6 372964 729344 170836 611268 729673 189582 547289 514576 298047 
    7 24101 868943  9923 929301 828779 126861 271689 333824 649284 
    8 933928 529800 155721 45483 122685 242161 51677 502738 692044 
    9 560423 533361 698441 791094 559527 370445 919865 884799 957268 
D=
29068.1 98062.6  101659  106684  107636  110172  112000  112062  112817  115049 
6464.97 29625.3 29871.8 30265.5 33001.7 33296.8 33651.5   33758 34227.2   34314 
6488.11 22411.8 24644.7 24782.1 25724.7 26352.1 27297.6 28645.9 28864.1 28884.6 
9254.74 17285.3 20358.8 26798.9 30284.4 30999.3 32546.1   35567 41758.2 44729.7 
11957.3 25758.4 29252.6 30165.6 38094.4 41039.7 53785.4 60852.7 61407.9 62194.9 
8900.19 30354.3 30455.1 38366.6 42032.1 42321.6 44608.2 49530.5 50128.6   51367 
7402.83 26576.4 27591.2 33970.4 37160.3 37342.5 44667.2 45827.2 46721.4 47642.6 
11587.1 54056.3 60308.3 62978.8 65212.9 66054.2 66366.5 67390.9 67529.2 71402.5 
2752.76 4475.24  9679.2 12666.5 12714.7 12811.8 12997.2 13264.4 13554.6 13577.4 
10428.6 12643.4 13756.2   13895 15195.3 16464.1 18068.3 37924.1   48633   52263 

Process finished with exit code 0